"Size" "Time"
7837692	474800
7716288	469000
5705933	345693
4449296	270360
5416925	330906
5918523	362506
6527015	394533
7225047	442960
6215260	382640
2881096	180026
3761251	235840
3771728	234093
2443602	149506
3006348	188560
4604450	289106
5112645	309693
3304117	200066
4187322	253200
3680598	222533
3195469	195600
3808975	230173
6165538	374466
8917959	543360
6360716	386533
4442948	270706
8992554	547266
7707445	469866
5112877	311493
12832547	786093
7463836	458133
9000873	558533
7107339	445906
7045020	445000
5313154	335333
7477074	468626
8121698	510106
4587373	278960
4713910	283040
5043269	304146
5578812	336360
4288959	257906
4526200	275453
4029601	242546
5002485	301920
5070454	307346
9245680	565426
9622832	589066
5519764	337573
11396993	695760
9293984	565973
9410522	572093
4430245	265133
4074290	243466
5102957	304440
5379357	322520
4235648	252813
4721282	283013
4977270	297826
5462405	328133
5635937	338760
4665940	295573
4845269	306693
4817381	304960
3905689	238906
6077363	384893
3850576	240186
4327458	274453
3289243	210293
4174639	263826
3155005	201360
4192316	257493
4752554	300920
1117974	73493
4889941	297000
1713656	108933
3111715	194306
2955004	181226
2188113	139373
2524614	155360
3054658	188200
2611376	165266
3314451	207400
1768465	110840
2293000	141866
2636879	163826
2268483	143173
2901526	184493
4427796	276573
1997967	126626
4320834	269400
4181672	253760
3189329	193400
2571968	161733
2695478	167000
2785574	174800
2306019	140600
3755573	231866
2891941	180573
4368865	266093
3401912	211240
3697650	227960
4216818	262760
3284922	201320
3845033	239826
4859825	296613
4529685	279306
1923665	117586
3542863	220346
4089921	249880
3153796	188173
3319976	205453
2519591	154493
3815200	230666
3464349	213480
3204464	194653
2807699	173373
3047124	187880
3472967	216386
3473782	212520
2037816	123160
4335086	263800
2787384	169706
1939344	118693
3415804	214066
1831165	111733
1961977	122306
4015393	242533
1471042	98893
3253000	197466
2959572	181040
2350586	147333
5398003	331760
10014484	629306
9936568	623186
9961816	626680
7994546	500906
6298553	396240
6647296	416626
7986532	501306
4084633	254986
20362077	1208893
20116685	1198866
20365066	1209773
5472866	304160
5135093	320933
2632261	163493
5281165	325866
4986729	304800
2689739	164973
4380739	271626
6794416	410640
6576915	412800
3961654	239666
4492140	283426
3879442	244200
4485015	276306
5191193	318626
3646635	228733
4837530	297306
5055383	309160
4994117	307466
5227537	327800
3496219	223040
5264636	331133
3753873	238333
5679732	351400
5076320	319360
9332914	388780
5234620	218017
24866622	2070282
23505851	1956884
10236388	851095
28211037	2348982
14659128	1219657
896145	55980
16541512	1376522
29791236	2480666
7522997	624979
21782093	1813237
31510929	2623973
29888726	2488790
22070486	1837270
8631408	719098
37128597	3093864
6741188	561580
24850648	2065946
25644019	2136816
9034868	752718
32301507	2691604
8790049	732316
26026138	2168659
24339673	2028120
9506929	792058
27967455	2330435
11411256	950752
19210061	1600653
30848239	2570501
27096324	2257841
28011341	2334093
30447937	2537142
4252936	260675
3903939	238863
5606298	345260
4120884	252421
2943043	178808
4920843	302419
3239813	197355
2900844	176169
5472134	336875
4623681	283846
3591760	219350
3042866	216581
2636188	187533
1772385	125831
1597194	113319
1643997	116662
2371769	168646
2215974	157518
3813053	271595
2476367	176117
2162583	153704
3057488	217626
2134072	151666
3340195	237818
2822694	200855
4035828	252212
3721518	232568
5530871	345652
4334666	270889
2292944	143281
4783549	298945
4946139	309106
4098525	256130
3566470	222876
2337244	146050
4551585	284447
5780811	361273
3775474	235937
3622916	225697
3516329	219742
3120531	195004
3515495	219689
3824785	239020
3337043	208535
2768600	173008
3373401	210808
3556046	222223
3321985	207595
4740963	296280
5429921	331467
7612089	467853
4408017	267598
3300004	198347
7866217	483735
4609467	280189
3667401	221309
7729544	475193
1483146	84793
3084764	184894
7621719	468453
8543215	336352
5358953	202213
6952627	268382
5295136	204878
10968199	438021
5553553	214386
8306847	324466
8871506	339853
20119197	892917
11920467	370390
12273897	380969
15213933	476839
13552004	445727
11537871	374778
11489415	366106
12677223	410984
24430349	777482
22105470	643918
4639015	579604
7894075	307513
5261649	188368
11906150	475454
7890331	324075
3884651	242651
3163675	197590
3138597	196022
3777228	235937
5294428	330762
5257647	328463
5667660	354089
3591245	224313
4156749	259657
5662239	353750
5452841	340662
4115413	257071
2550656	159268
6135879	383346
340430	21133
4658379	291004
1887722	117838
4831045	301792
1903200	118804
1509056	94171
598327	37250
4701855	293720
2562350	160000
2281882	142471
4500863	281155
751705	46837
3381518	211200
9075428	567066
862094	53733
9048618	565394
683152	42553
1286288	80248
2673059	166922
3211878	200594
1277094	79673
1975917	123350
1802967	112535
6631235	414302
9672663	604395
502191	31242
6000858	374909
2992874	186906
1597766	99709
3222260	201247
2248868	140408
9347502	584071
1971362	123062
4690994	293041
12411982	775601
6492001	405603
3898990	243539
7283653	455079
6590655	411768
2494665	155768
1395854	87092
14165342	885185
1722240	107493
11405896	474070
1085867	44068
1133512	46053
4629963	191738
1333491	54386
6173444	256052
917844	37067
6629873	275069
3253827	134400
1149799	46733
4465692	184894
2050103	84244
4781665	198060
1644480	67343
1477059	60368
1540414	63007
1529725	62563
2813715	116062
2430040	100075
7140216	296333
1147297	46628
1329751	54230
5693854	236068
2141629	88058
1391182	56790
3599906	148819
6595408	273632
3340333	138004
7757739	322063
5573490	231053
1509669	61727
1085857	44068
1789939	73404
1589935	65071
4925834	204068
2934117	121077
1325967	54073
3581731	148062
9605936	399072
1421894	58070
2601835	107232
3818053	157910
3341596	138057
1601815	65567
3522190	145580
1367360	55797
443873	17319
1733488	71053
7401019	307200
2501498	103053
1338502	54595
10310003	428408
1596189	65332
3311486	136803
1477695	60395
989953	40071
8349555	346723
4973511	206053
2166059	89077
4493898	186070
3725909	154070
2052592	84349
3814940	157779
3125916	129071
8477462	352052
3702081	153077
3077677	127059
8189697	340062
11112846	462942
10550476	439510
15423671	642560
10153619	422974
1343881	67082
194508	9613
4140048	206889
722176	35996
702326	35004
647468	32261
472967	23536
589466	29361
467738	23275
861170	42945
534100	26592
608806	30328
488646	24320
3164117	158093
661050	32940
616122	30693
544028	27088
20568717	631118
16986197	530416
12172736	379951
12400743	387108
11320045	345443
13237580	413204
11648339	363546
13385545	417828
10045426	344607
11593279	387552
4604350	150778
10811805	340715
9524927	348238
12642752	440450
5945798	211408
9929548	314200
9291889	270915
9784798	323631
7125164	247614
8551787	280111
2604698	82834
5120000	213315
5128180	213655
5138267	213577
8036020	333975
6238420	259160
41783280	1740773
32633719	1359542
9694638	403748
15176596	632163
12143511	505730
13271997	552751
7590052	316003
5529924	230164
6326144	263340
15219281	633887
14765991	615000
13937812	580493
8145529	339147
5469115	227631
6715853	277394
6709620	277133
4723429	194377
8519554	352548
4162320	170997
3801213	155951
7341525	303464
7297044	301609
4925318	202788
7971593	329717
11779001	488359
3525341	144457
3193069	130612
3815629	156551
5055720	208222
5729665	236303
9710724	402181
4584870	188604
44118732	1838184
20919480	871549
20396573	849763
8399484	349884
6911744	287895
9309778	387813
6307386	262713
6558159	273162
4908684	204434
6798902	283193
8682209	361665
5083757	207386
4732674	192757
5254928	214517
5831118	238524
4399790	178886
3496395	141244
3251830	131056
3980361	161410
4908208	200071
6083103	249025
5362749	219010
1856918	72933
4659378	189701
10391235	432875
6482268	270001
6500439	270759
10374928	432195
5878529	244845
5282928	220029
3657275	152293
6034005	251324
6118020	254824
5966301	248502
674363	84704
6146832	256026
4641572	193306
5628374	234422
3909288	162795
5123049	213368
4024647	167601
4179499	174053
4242203	176666
5822081	242494
4461621	185808
4855965	202240
4094244	170501
3909922	162821
5381348	224130
4918984	174471
7364878	276218
3917881	235493
4637404	270994
6223664	235676
5816448	256078
4964352	206811
3514653	143934
11978983	560091
12834290	608339
4026509	182491
4785394	220734
4900816	229041
4178284	191216
7176905	333949
4056739	182282
3009233	133093
4533670	205217
4211661	189884
10578100	503693
4169905	187611
6464311	302158
6115227	284368
6523374	303307
7756462	363676
8054961	388257
6528010	298657
7141135	334602
7949804	379062
7265544	338886
6890407	324388
5935100	272927
5538427	253936
6924065	328019
9090903	432195
3417581	161384
4077735	193593
6147837	298083
3648036	173688
6118572	299102
3760873	179435
4809592	234501
3731262	177893
4587774	218253
3112712	149655
5007177	232907
5477013	264097
4738104	230008
2992805	143333
4396711	210625
6223324	302367
7973926	386455
4552521	221387
4438975	210546
4628546	223738
5483950	254119
3100118	140277
3412349	157884
4147535	193384
3989517	188630
3473821	158354
5773807	272953
4501199	209449
5059078	238811
4609025	219585
2320403	104489
4670484	218827
5243018	244114
2674326	121521
3186800	151040
4214821	197668
6005303	283036
5234115	258429
4072086	203493
4951376	247457
5199531	259866
5480086	273893
4289961	214386
5969114	298344
4415346	220656
4255468	212662
5192743	259526
4648355	232306
3653094	182543
5869864	293381
5066316	253204
3928964	196336
5653570	282566
5330173	266396
5411141	270445
5434653	271621
6766402	338207
5280525	263915
5398607	269818
7636781	381727
4839588	241867
4829659	241371
4574187	228597
4903848	245080
5147316	257253
4110790	205426
6788849	339330
4320093	213707
4859468	242860
7106505	355213
6678088	333792
5433615	271568
3431074	171441
6702116	334994
4836994	241737
4694877	234631
5336976	266736
5283679	264071
5098725	254824
4864162	243095
5125370	256156
4645246	232150
4855791	242677
5580432	278909
5265397	263157
5356290	267702
5798805	289828
4943047	247040
6213111	310543
3337587	166765
3916975	195735
2493827	124577
3990101	199392
4182374	209005
4003706	200071
2821396	140956
6706839	335229
2664138	133093
3859504	192862
3531403	176457
2776468	138710
3990633	199418
2993809	149577
2247739	112274
1618731	80822
12628442	524591
11701793	485982
7708799	319608
6755246	279875
9595281	398210
14016456	582426
4928968	203781
15754976	654863
6764634	280267
8382133	347663
5300107	219245
5426117	224496
15762916	656692
6145049	255947
7278565	303177
9780667	407431
6094937	253857
3904430	162586
3700046	154070
5627867	234396
5908109	246073
4488109	186906
3132047	130403
2239901	93231
12043942	501733
4211581	175386
2779651	115722
8058522	335673
2937678	122305
3999744	166556
2523892	105064
9844527	410096
9146740	381022
13556002	564741
13638763	568189
10160509	423262
13562910	565028
11012510	458762
7454963	306860
3842547	156342
4764769	194768
5056933	206942
3003697	121391
4638128	189492
5255035	215196
4362272	177998
5909567	242468
7736469	318589
4368543	178259
4477630	182804
3177817	190402
6493465	403956
6236021	256287
4058683	165564
1035582	39601
3832998	156160
2279433	91428
1303287	50755
3777197	153835
1592934	62824
4602871	188238
1210504	46889
3447415	140094
2551524	102765
4698799	192235
4574649	187062
6527571	268434
1340918	52323
1893245	75337
1957813	78027
1499527	58932
1643725	64940
5667421	232594
6216614	255477
4834832	197903
1857502	73848
4481249	183170
1568484	61805
4794774	196231
3278116	133041
1926442	76721
4760207	194795
1369092	53498
1527709	60107
584165	20793
1798533	71392
4000984	163160
2232380	89469
5400304	221466
1550280	61048
3535168	143751
4001612	163186
4488123	183457
5870507	241057
3598491	146390
4148957	169325
1072570	41142
2180376	87301
5184634	212480
2644280	106631
7010295	288548
1548383	60969
923332	34925
2586628	104228
7227203	297586
1374104	53707
5139519	210599
619270	22256
1940231	77296
3394122	137874
2812307	113632
1905119	75833
2273762	91193
2204792	88320
2512054	101120
3371599	136933
5346434	219219
2702037	109035
5943285	244088
2340278	93962
3884412	158302
1278261	49711
2088884	83487
5257420	215510
873893	32862
2009886	80195
6841712	281521
5411641	221936
2749666	111020
7479979	308114
2409461	145123
8448000	211147
11078975	430968
5654307	220917
6457042	261015
7131105	297038
7240195	301583
6562475	273345
7816986	325616
6842714	285022
7072177	294582
7665884	319320
8429014	351111
8927413	371879
6115581	254720
5873597	244636
5958234	248163
4473647	186305
6065432	252630
7022141	292493
7377622	307304
4513763	187977
6585836	274311
5941305	247457
4473008	186279
4815343	200542
9753713	406308
5839110	243200
7271662	302889
7233443	301296
8371942	348734
7812088	325407
7420255	309080
9969373	415294
6754436	281338
7820230	325746
8975681	373890
7390165	307826
5908689	246099
7334988	305528
5156864	214831
6960652	289384
3842868	159477
4024682	167053
3398999	140982
4452891	184894
4793295	199079
4971980	206524
6598882	274311
3705564	153756
3280498	136045
4687349	194664
3184574	132048
6906099	287111
6440265	267702
6897311	286746
7477242	310909
6286673	261302
3672342	152372
5338782	221805
10547239	427128
12388945	503875
5484477	216189
13377622	545071
10017214	405054
7190972	287294
10515630	425822
4767241	186305
7187841	287164
2100222	75180
2776724	103366
7118236	284264
13499229	550138
9350154	377260
4938372	193436
7915718	317492
7586598	303777
6309490	250566
8164696	327862
3364805	127869
5799218	229302
8480657	341028
6009192	238053
8965844	361247
6869362	273893
8289361	333061
6521459	259395
4404856	171206
3993584	154070
4996672	195866
3098942	116793
2373534	86569
2017432	71732
8425376	338729
8677404	349231
8409701	338076
4641171	181054
6729506	268068
5555877	219167
11743136	476969
6321370	251062
3603402	150047
4830322	201168
5645327	235128
5701122	237453
9868413	411088
10243294	426710
5798322	241502
5347537	222720
5995797	249730
9096019	378906
3982785	165851
4766460	198504
4436603	184764
4179016	174027
4010284	167000
4221565	175804
4456741	185600
4732538	197093
4813391	200463
5099906	212401
6096737	253936
5563844	231732
4463024	185861
5805210	241789
7017079	292284
5900626	245760
6419686	267389
5188390	216084
7790211	324493
4695620	195552
7422702	309185
6242254	259996
6978941	290690
6790344	282827
7120749	296594
6083643	253387
5343858	222563
6592100	274573
5683652	236721
4750784	197851
5466111	227657
8323082	346697
8437809	351477
5472377	227918
5567791	231888
4572812	190432
8881059	369946
4699944	195735
5555706	231392
5987661	249391
4486165	186827
4298084	178991
5782642	240848
6186388	257671
4224738	175934
4301852	179147
4716848	196440
4215971	175568
4142629	172512
3282475	136672
3208475	133590
4341356	180793
4093736	170475
3578390	149002
5363863	223399
6051599	252055
9073473	377965
4071749	169560
4207801	175229
8137400	338964
4114334	171337
5238432	218174
5873539	244636
5954406	248006
5384522	224261
5233443	217965
5459126	227369
5535614	230556
7005186	291787
6401418	266631
6792654	282932
7123685	296724
5492371	228754
6182633	257515
6135610	255555
6619605	275722
5483591	228388
5614626	233848
6350630	264515
6437791	268146
6309875	262817
5594557	233012
1221611	50808
4606440	191843
4847198	201874
5207053	216868
4360685	181603
3756314	156421
4450960	185364
3173272	132127
3677974	153155
3268561	136097
4751268	197877
5094210	212166
3540650	147435
5269124	219454
5441427	334319
3390987	206911
3613426	223560
3874528	240719
1546828	96026
6519941	271568
3308119	137743
6427754	267728
4225974	175986
4563907	190066
3901215	162455
6469179	269453
5147544	214386
5712432	237923
2830500	117838
2311281	96208
4666064	194324
3703122	154200
4793964	199653
5190817	216189
6170752	257018
2173343	90462
5936264	247248
3261735	135810
17557984	618866
13176940	436323
10665425	331676
12961297	427337
13390734	445231
15650271	539376
10936247	342961
12759395	418925
9567018	285910
8587392	310674
6429693	252577
4946360	196780
4522320	178703
5050634	198138
4093910	159085
5326948	205400
11866346	471457
5742110	229590
5094046	189753
5129252	206889
3861103	171520
18933227	470543
13170592	326478
772374	17504
6540073	308349
6375552	235859
5963820	248476
12189734	303621
6002944	222511
6416473	258612
6138909	255712
6307280	262739
6070876	252839
5448419	226951
5612181	233769
5552843	231340
8326883	346853
3703456	154279
6973402	290481
3150760	131186
2856730	118935
4761977	198321
5108061	212741
6222172	259160
4605869	191817
6042843	251689
5971376	248711
5076079	211408
6226505	259343
6098638	254014
5389539	224470
7110566	296176
5415250	225541
7701722	320809
7511898	312555
581543	24137
5857859	243983
4105565	170971
5097387	212297
2817197	117289
3307465	137717
12394943	516362
6612683	275435
1545774	64313
3570797	148688
3978917	165694
6119289	254876
9343006	389198
5528085	230243
5404575	225097
6575708	273893
4024052	167575
4892369	203755
6390150	266161
8398222	349831
4351974	181237
7220843	300773
9762459	406674
6217117	258951
6750013	281155
8307336	346044
8850878	368692
6543759	272561
6158185	256496
7623339	317544
5907401	246047
8122386	338337
8248383	343588
7782541	324179
5806420	241841
8899754	370729
4321823	179983
6351879	264568
6926772	288522
9198158	383164
5674763	236355
7692879	320444
6511103	271203
5790154	241162
4923063	205035
7635196	318040
8098528	337345
5134352	213838
7931750	330396
8740499	364094
6813916	283820
7406383	308506
4808337	200254
7961837	331650
7794438	324675
7805105	325120
8916050	371408
7492885	312111
7045896	293485
11068311	461087
8153678	339644
10026968	417697
4613975	192156
6773150	282122
7192573	299598
5759394	239882
9266483	386011
6353107	264620
6470971	269531
5084808	211774
5720523	238262
5649180	221440
6129290	255294
5260344	219088
5765659	240143
9962396	415007
5386447	220133
5222648	213394
5381273	220003
3880365	157466
6843285	280920
5529223	226168
4121758	167523
4119876	167444
5396306	220630
6805682	279353
6173712	253022
6294719	258063
5192637	216267
5632113	234579
5647787	235232
8025762	334315
6395734	266396
3077962	128156
3993302	166295
5758769	239856
4694224	195500
5218970	217364
5543085	230870
4964426	206759
2563917	106736
4845347	201795
7347460	306050
8210755	342021
7677854	319817
4691753	195395
6244051	260075
6146289	256000
5276094	219742
8558118	356493
5666056	235990
8590095	357825
8461585	352470
6165098	256783
18611875	774321
15366843	639111
14831428	616803
17748599	738351
8684589	355056
11268201	462706
8841950	361613
7465195	304248
7258295	295627
8983012	367490
8231310	336169
10065099	412577
8399960	343196
12838678	528143
14909133	607791
17591162	719542
14704747	599275
11371290	460382
4010190	243069
2952396	177293
1603439	92238
2978893	179173
2331648	137560
4951548	267598
3299283	198608
7372530	307095
11835101	493035
16290124	678661
6102369	254171
6371946	265404
6625854	275983
7972540	332094
9116704	379768
21404689	891768
7470535	306782
7119454	292153
7733220	317727
7217251	296228
5601003	228884
5138324	209606
6933268	284395
5083161	207307
5432990	221884
7407853	304169
7832293	321854
8275330	458318
6507940	389302
5026278	266971
5298662	281338
4934831	203441
4650846	191608
4062140	167079
4614479	190093
4407605	181472
4257771	175229
4191307	172460
4669056	192365
4161834	171232
4721060	194533
4033298	165877
3969993	163239
4025775	165564
4120460	169508
7143414	294295
5598662	229929
7059393	290795
5841260	240039
7843710	323474
6476351	266501
4587411	187794
6255693	257306
6867567	282801
5162295	211748
7229298	297874
6908306	284499
5802394	238419
6029356	247875
5126578	210259
6685431	263288
6548119	257567
5584510	217417
6533703	256966
10512866	422765
7458448	295497
7996336	317910
9934211	398654
5155694	199549
5131237	198530
7581964	300643
7250278	286824
6690435	263497
10870853	437681
4351312	166034
4469844	170971
6937478	273789
5597696	217965
4558840	174680
5279200	204695
5704881	222432
8194492	326164
6608320	260075
6419604	252212
7674748	304509
7531168	298527
6993889	276140
6260982	245603
4771386	183536
3715004	139520
5347722	207072
6777134	266631
6298183	246674
4738358	181681
5339561	206733
7005947	276166
5673133	220630
5740782	223451
5309473	205479
4187243	158720
5901916	230164
7191534	283898
6039841	235911
3047707	137508
2229159	99631
2392101	104437
3855634	175777
3900770	178390
4569591	203284
2974752	137978
8907985	371069
10563738	440058
6027837	251062
6575778	273893
7464151	310909
5363899	223399
15388025	641071
14043878	585064
8763802	365061
11499730	479059
9195723	383059
42690848	1777528
30778377	1281175
13958244	580336
4846701	197146
7149418	293093
8287320	340506
11378122	469289
3609105	145580
9559418	393508
8659092	355996
10509828	433110
3483708	140355
4412825	179069
2512572	99892
6841020	280241
10761235	448287
2057501	85629
3730741	155350
2711974	112901
4959546	206550
4861736	202475
3153964	131317
3549552	147800
3695629	153887
3539530	147382
4633532	192966
4064266	169247
3674313	152999
1557824	64809
1832996	76277
4282445	178337
2832962	117942
5879891	244897
2579678	107389
2019824	84062
1821138	75781
3626039	150987
3532627	147095
4523815	188395
2243066	93361
7213344	300460
8661595	360803
4071080	169534
6101143	254119
6432135	267911
8237713	343144
5328097	221910
6336862	263941
5828386	242755
9821357	409129
3164535	131761
7482879	311693
6232114	259657
8856029	219428
8036599	334785
5781069	240770
11509678	951013
7734251	546516
28631091	1786827
4182894	209136
7743313	273737
4495352	229015
8033947	418377
7771854	394057
2922529	232960
1903496	144274
2055403	151353
3827596	291395
3431668	264019
2305284	191137
4816817	377913
5076778	395023
2641474	202475
3458892	265299
2289107	136866
1695821	97666
1506684	85893
1094600	62933
1401983	79400
1750199	108240
1373759	77866
1433065	80960
753925	40066
1009478	55640
2179327	126893
993864	60066
3031728	177906
2505148	146000
4442357	268600
3339661	199866
1882552	110133
4031046	244360
1459736	88133
3473528	205506
2399474	144933
2409180	145226
7849259	473840
7493242	447826
4640720	275600
1044628	57773
1364996	76960
4662462	275933
1840023	107466
5548589	238543
4183628	155813
6525003	296960
4057689	148386
5910914	259880
4916564	200626
3956653	141946
6298966	282413
4829481	194906
4504092	174226
4163344	154440
5510578	235380
16134220	1122298
8830468	666932
3623644	246047
51645171	252880
40359386	2519000
34979654	2188000
2543044	161240
4579147	288813
4977238	311066
3589602	226320
6256464	394386
5119001	318320
3577838	224880
3690543	232986
4147081	257053
5868476	369426
4001280	238266
4025112	247360
4192678	249706
7113421	428826
4804378	286533
3838114	228866
2809318	166440
5573929	335800
2002949	121666
4837142	289693
28983667	1812960
23631180	1476213
5941393	374000
21389626	1338973
12990604	812600
24140835	1480226
7227281	439600
11708602	721813
4179438	246960
4117429	251266
4413351	262933
7429936	452733
5743207	339840
3116233	188293
4774954	286840
5369074	319733
3846082	233226
3045517	183106
8433401	507666
5691169	338226
6978780	420373
7004497	416466
4105446	243866
4500061	270760
9885040	592466
6177593	369840
5344837	320560
6269062	371133
5120042	302600
5610724	333600
5311721	316933
3762711	221573
3392951	198560
3902875	246373
3943981	249213
4780047	301760
3936926	248960
3977968	251666
3965053	250000
3996952	253573
4647513	293440
5712517	359200
4814869	302386
4780048	301760
3104452	197400
2042223	128240
29214265	1854533
26343857	1672826
9645068	610240
4178028	254933
2677990	161733
758549	46266
2552981	158466
2888288	181226
2457129	153066
985890	60573
3061546	190933
739090	44800
2199364	133960
1785566	110706
2782192	174093
3609057	225333
4416556	275866
1051735	64600
1143073	68400
1567728	96933
966592	57706
1187459	72960
3491142	227066
4381886	273306
3516258	218400
1298835	79666
2754580	172293
1044255	64440
2858063	178200
2381812	148133
1323331	78893
3048159	184240
983016	58826
1279486	80506
1351804	83333
2780966	173333
3111420	191000
3106174	190533
5407479	335000
3622856	229040
2333334	145626
2464457	153040
800662	49026
1490986	91866
3386765	210800
1969809	122706
4918385	300026
1211952	73040
620480	38026
1915197	119466
5054596	317466
512082	29866
467095	27866
3234607	202373
1169413	69360
3059867	188800
1811135	108466
1338335	79840
3096341	188493
1757459	109133
2430378	149960
3535504	220133
1916444	117666
3655865	228533
1830534	112933
2464084	152640
895752	54560
1642344	101906
3704946	232626
515015	30906
3264959	199026
6134375	383106
1991185	123960
5185578	322040
4680793	282000
6760351	405533
6222922	383346
1633734	97800
6560985	392746
6690710	400906
5114522	307253
8057532	501773
6027249	373720
3380184	208986
13446620	840840
4977406	308133
5924758	355173
5951390	363826
427563	23733
2410620	143773
3957522	244493
3367671	208000
1087098	64440
4452456	269560
168095	7600
5420308	336400
1741639	103000
3168382	195506
3025810	184493
11207052	694000
1016859	58640
2936890	176200
3295103	203133
3177876	195026
2369153	141000
3253776	201000
2541944	162000
3443461	213000
3033299	186000
3136884	192666
867557	51666
295257	15400
2913845	176266
1222895	73360
1231291	71373
1099389	65000
2840574	169733
1460991	87960
2823751	171573
3096638	188226
1439927	84706
1350457	81400
3686440	224000
1132837	66666
2713040	162666
854549	50493
2634571	162000
2031626	124106
3808673	228066
1805312	109733
1687973	99226
3713444	222600
4687948	284440
3503775	214333
3126902	190160
7439440	453266
4789359	306906
3854110	235000
3718761	229000
4185281	254693
4988183	301773
3110930	190933
3159218	199200
4175658	259160
3318612	206240
5312628	331560
4568082	282840
3403754	209826
4698213	295533
2880550	176133
2979426	182000
4297882	260373
4569465	285093
4127907	258866
3741336	226666
4839386	304000
3259915	197666
3683668	227933
165845	33123
5445403	223712
5318187	219977
11611164	433084
9126850	321567
10161767	353175
11052086	422112
13987097	486922
10321637	403173
8664902	331284
9784950	360071
2704282	112587
14041888	351294
5366724	268329
2965632	185234
2037944	292440
7040851	290037
7376992	184528
4773181	298187
5273060	329430
1686900	241815
38202059	1469884
28245261	948088
38467214	1286269
9663275	596600
8632705	523426
11776901	713840
10004879	607613
18126426	1136680
4294476	98400
935402	29306
1309157	20893
740939	21133
699927	22306
645025	23866
2580047	74266
1210614	28200
1396551	27200
1903604	32293
1431214	35773
525388	11626
1001937	26173
1624009	25826
1085733	26400
1307988	25240
631001	23960
2368660	109000
1200898	26800
7448908	155906
6961157	127960
3374390	96040
621137	20626
4812865	124400
4668056	118973
1817433	47160
644852	25106
789420	28066
1469666	54866
1069917	33200
3430060	111093
2462108	63666
4129766	141800
1491562	47840
1605903	55066
3548296	86360
1462386	45906
1220951	35733
1246370	37200
1207098	36666
907489	27360
1026042	28773
1040770	30200
567624	17933
598610	19933
2041248	60293
777032	26773
1338250	31866
1034208	32093
803030	27506
1173448	30000
2710583	85026
2550591	82440
1777572	47826
1660979	43173
1872011	51160
1846038	49906
2041678	46400
1850672	49360
1903109	43173
1553020	44000
1414333	43293
1895660	53066
966562	25240
933260	23893
908842	25773
2529895	68133
1413311	45066
1785356	54426
5073507	111240
1910028	46693
1942782	48240
1378085	50600
3419033	101026
911348	31173
1213116	22160
1666087	23573
1599347	23866
1771122	29066
1823157	40293
4261090	269000
3284690	207000
1774157	109106
3484654	217760
4035770	247133
1392561	85000
2414720	155000
3516052	222000
3419352	216000
2708646	171000
3059422	194000
2945713	186000
5785731	369000
2085878	132000
2832457	178000
2748687	172000
2038993	125000
3098994	195000
2854111	179000
2371859	144000
4260506	268000
23815407	1505826
22836366	1449000
17100500	1076333
4553473	283226
5007418	309906
3665079	227226
4400803	273573
6263642	386000
8206143	502666
4945825	313093
3714309	230933
4186067	262826
3823625	234906
3506756	214560
4262019	267440
4652937	288733
3278345	203093
4047943	253573
6508532	397000
3133748	195093
4920564	308533
5107306	313906
3865811	237546
3431440	207986
3459009	210146
4291100	259293
4731642	296160
4089832	255893
3042051	184480
10424332	655253
4376502	265160
3525321	214773
1174936	69106
1601301	74893
2203728	111440
2289313	119626
1568452	73800
3153151	176640
2937249	163826
2277703	118240
2285320	121400
6389324	364333
1844756	90866
3126697	168400
5384853	305200
3175012	171066
7184316	412666
3089066	166960
3451238	187906
3679927	205293
2996946	160640
2980144	159226
3293944	177506
2638214	138160
1391678	62733
2167595	113400
2060202	106666
1582044	74866
5106744	287133
4646958	258800
4114710	253133
3747006	229160
5225215	324040
2975579	185560
4703906	287266
7022437	424373
3271186	196760
3474814	209000
5936464	365866
1530027	97866
1664062	104506
4367505	273133
7162990	446826
5328316	324506
6114172	377760
2734347	172333
25371212	1594800
8813164	554000
1794370	113066
20603164	1291333
15148196	944706
38016176	2325996
46264650	2763154
3811748	213600
5821206	336586
6773404	393320
3766058	211840
3810290	215973
2707720	153120
5148288	294746
7871900	460680
4062157	228866
6248937	363760
7747428	469013
11479576	685186
5666280	328560
4084720	232200
4571458	261746
3296004	183733
2901017	160800
5893191	355080
6403336	372213
5750064	334626
2314391	128760
5559166	321733
6449060	375800
5986371	346640
2148200	116746
4069944	232320
6425814	386266
9511577	560800
8679661	511293
7731859	467706
3474899	202826
9542555	562333
6886916	409706
10734697	663893
8317688	510600
2875041	173268
4835613	291924
5333416	320724
3004423	180756
5575211	330516
3362794	193608
3065851	180540
2348761	141732
2045151	126504
15085359	914616
11068983	790164
19713517	1176660
6149779	377100
13089941	806688
12535320	743580
16660424	1040868
8940447	319068
2391300	107640
4562887	200772
2628343	95292
4720046	204048
63582491	318160
2189216	134064
13809304	492804
7116760	253800
8612488	307188
5049208	307368
12088936	736056
9662320	344700
2975320	182304
4353188	263466
4596201	280706
3625961	219960
4933193	299533
8524739	516706
5045199	306293
4725850	285933
4378594	265706
2964682	180266
7066941	429866
6207739	380066
4133582	251360
27492763	1963023
27682565	1771807
27821694	1738187
27826185	1738475
3996941	207936
3772157	194760
4050869	212400
4293077	227088
4506268	240444
3273052	108432
3634955	185076
4749013	252900
3784362	194364
4970465	265320
3842436	132156
4190200	217224
3395315	169308
7070307	266652
3260899	161604
10296274	599328
5909295	218268
14854982	591012
8286423	482292
6100570	373226
4412069	273800
2498990	151000
5240356	319880
4819262	299546
4488639	280493
4043003	244373
826347	49000
4556536	285306
4701841	292266
4584902	281893
5565601	273737
2355727	113240
1300856	60499
1286759	59794
1772113	84062
2938738	142393
6160158	303464
1458132	68362
808718	35892
1172394	54073
6587534	324832
650964	28003
1902200	90566
831736	37041
3407382	165825
1208902	55902
1394906	65201
2405318	115722
2226640	106788
2494133	120163
2988375	144875
3179085	154409
5128847	251898
4350912	213002
5311710	261041
1363031	63608
2004076	95660
1114341	51173
1363059	63608
6100598	300486
3204147	155663
22754192	1133165
4186873	204800
4248004	207856
2192684	105090
4011935	196048
545929	22752
4468999	218906
1194309	55170
3226087	156760
3197878	155350
5841565	287529
1924151	91663
2031766	97044
8809503	435931
5016005	246256
3824827	186697
1791974	85054
2808130	135862
1699526	80431
3156604	153286
3628972	176901
3400069	165459
7781862	384548
2655575	128235
1361997	63555
818649	36388
24299601	1210435
3716827	181289
6668620	305658
4539126	199183
8240679	384261
5022925	223373
5006196	222537
3480642	146259
5683817	256417
6680648	306259
6429347	293694
5692690	256862
5080909	226272
2383126	97880
4334798	179200
2065273	84636
4909704	203154
4761110	196963
1736122	70922
2521064	103627
2046458	83853
4661431	192809
2986871	123036
5400597	223608
2550531	104855
2521755	103653
1555565	63399
2019496	82729
4118494	170187
3149308	129802
6053235	250801
6492355	270419
5035359	209711
6226496	259343
4015943	167235
6385751	265978
4865441	202631
4517473	188133
3821575	159137
5729394	238628
6626531	276009
5869176	244453
11455197	477204
6344632	387108
684280	40752
3729592	232452
2725192	165024
1604440	99612
1444888	86436
2957392	177840
2220616	132984
3479104	212472
5441032	339408
4867048	303516
4943656	352368
18559764	456120
10165137	412164
9072427	440244
19139382	784260
18024550	885636
18321380	763297
16628020	692741
5692960	237113
11331637	472058
8561197	356623
17063741	710896
9032201	376241
7253537	302132
6546392	272666
5563370	231706
6635464	276375
8404080	350066
16129160	671947
10849688	451970
8015264	333871
10907959	454400
9126263	380160
5081258	211617
1222866	50860
4966318	206837
5075402	211382
5318034	221492
4918663	204852
5953746	247980
5322414	221675
7533625	313808
4517429	188133
4655358	193880
5976320	248920
1785229	74292
4104469	163944
5350809	215875
4511364	180897
3517026	139467
4357124	174471
4299456	172068
4755235	191059
4034239	161018
4725780	189831
4491297	180062
4331427	173400
4569034	183301
4214199	168515
4747077	190720
4343345	173897
4654919	186880
4542721	182204
4553979	182674
4689408	188316
4311349	172564
4314484	172695
4200398	167941
4041783	161332
4500774	180453
3836130	152764
4093195	163474
4706962	189048
3611076	143386
3931433	156734
3792880	150961
4238042	169508
4432985	177632
5333902	215170
4295682	171911
4496345	180271
3525808	139833
4417928	177005
4201662	167993
4409800	176666
4650538	186697
4656168	186932
4580962	183797
4454320	178520
4789088	192470
4576550	183614
4023585	160574
4508837	180793
4217938	168672
4760894	191294
4797855	192835
6194525	258011
7299838	304065
10704112	445910
8807008	366863
4424690	184267
4677390	194795
5091127	212035
5048484	210259
7907321	329377
4879227	203206
4788313	199418
5560731	231601
7033408	292963
4201494	174968
3543887	215040
6825272	248267
3240494	121573
3128755	194324
7320894	182961
7746292	189440
7216217	264437
4920424	307382
5228275	261407
4471694	186226
3489892	145319
5250340	218671
4261036	177449
4761342	198295
5687941	236904
3718726	154853
4469794	186148
6083551	253387
3893029	162115
4461651	185808
6056578	252264
3958863	164858
4509948	187820
5738730	239020
6114263	254667
7020808	292440
6879761	286563
6926142	288496
5915680	245655
7186481	298605
5398460	224104
4282501	177606
6151419	255477
3755881	155663
6120068	254171
5501897	228414
5137648	213237
5033587	208901
5456153	226507
3686311	152764
7467370	310308
6032913	250540
6869254	285387
3781578	156734
12102288	503066
7987030	331598
11919820	495464
3298829	98795
5757681	252473
4590315	179513
3996403	142393
2064584	21655
3077723	84976
2481711	47725
2059988	21368
2889630	73221
2969466	78210
2919319	75075
2176598	28656
4686031	185495
4986540	204277
3556703	114912
4958966	202553
2867480	71836
4369217	165694
2864984	71680
6046073	270497
2735405	63582
3713021	124682
3107816	86857
2802702	67787
2110146	24502
3614807	118543
3023391	81580
4433588	169717
2090504	23275
4425234	169195
3435070	107311
2853694	70974
4181972	153991
2642202	57756
2520993	156891
3544147	220839
3730989	232515
3226921	201012
3499425	218044
4295223	267781
2879597	179304
3901094	243147
3441750	214439
2951067	183771
3985096	248398
1551094	110027
2102603	149420
1419083	100597
1974227	140251
1521103	107885
1769439	125622
1473204	104463
1880244	133537
1647284	116897
2715912	193227
1648019	116950
1599380	113475
2094555	148845
1517454	107624
2256567	160417
1269508	89913
2429546	172773
2435036	173165
2640933	187872
5505540	274050
4719264	234736
3435607	170553
5337861	265665
3775215	187533
5049448	251245
3815405	189544
5529550	275252
6578142	327680
6296021	313573
4555758	226560
5705656	284055
4642478	230896
3888047	193175
5504324	275095
4583236	229041
4821999	240979
4878936	243826
6368442	318302
4393587	219559
6117162	305737
5152175	257488
4618230	230791
5277561	263758
4619279	230844
5193973	259578
4679349	233848
4827800	212950
8493127	212062
3461857	127738
3407872	212297
3853919	240744
4216082	263497
5929632	211748
6826994	247144
6895957	250017
6863355	248659
5594828	222328
5597955	222458
5264468	208561
6454401	258142
2196847	80744
6745482	243748
4215784	138344
6443926	231183
4690162	184633
10752662	437237
6245822	222928
3855924	123350
5633294	197407
6477817	255973
8248224	342883
5871500	243853
6625078	275252
7659524	318354
7443230	309342
5609435	232933
6455184	268173
7633199	317257
7998706	332486
7915304	328960
5177459	214883
6416915	266527
7606847	316107
5893418	244715
7338515	304927
6831954	283820
6423187	266788
9953476	413884
762093	31660
7525501	313469
5379490	224052
6175694	257227
8825793	367647
4134387	172173
8835187	368039
4216532	175595
2796509	116427
8017643	333975
8674042	361325
5836520	243095
6735555	280555
6703585	279222
9304776	387604
3853399	153991
7676501	313286
4580021	184267
6649555	270497
7340472	299284
3919235	156734
8374271	342360
5399432	218409
4435213	178233
4289767	172173
10937816	449175
3450929	137221
2967547	117080
2570091	100519
9799920	401763
3401394	135157
3348085	132937
4471584	179748
325633	7000
6761009	280424
6326560	262321
8159715	338703
2415719	99369
7811766	324205
6157305	255268
6186743	256496
7040620	292075
6834373	283480
8496522	300146
6246456	206393
6655820	223451
9625647	347193
8681461	307853
10629357	389015
6733560	226690
8826904	313913
8564219	302968
7373671	253361
11024964	405498
11157860	411036
6690935	224914
6677773	224365
5168975	211957
4172149	170422
7224083	297586
4012915	163787
6489935	266997
7988331	329430
4891863	200411
4977124	203964
9014623	372192
4937027	202292
6676793	274782
4737670	193985
7261240	287477
7586731	297142
8457832	328254
7658891	295079
8085898	311353
6768760	274233
7468255	288522
7911323	285387
8387265	332173
6836461	265142
6196599	239046
7629388	301949
6984017	250749
2435995	83017
7802764	281443
10260534	368013
8555345	302001
7919084	293929
12075867	440293
9984134	370285
6552134	240195
12047248	461008
11549584	426762
11863652	438752
9902991	362004
16219586	571376
5555209	230896
8464839	352130
6980240	290272
3439294	142733
4631731	192417
7033525	292493
7560787	314462
5579032	231888
7463612	310413
5472455	227448
7337606	305162
4649283	193149
5654271	235023
5367136	223059
7114407	295862
6818494	283533
38393313	1598876
13140821	546690
9628073	400326
8118431	337423
9058219	376581
7977991	331572
8139753	338311
5955653	245995
1192593	48352
6891304	284786
4992258	206053
5311712	219297
6270669	259056
5772311	238393
3633844	149733
9168078	381910
8198195	341498
10707201	446040
10206906	425195
8916674	371435
12855105	535536
16052488	668760
6481666	269975
9081579	378305
3314700	135627
1573096	63059
6793616	280581
2952362	120528
2292184	93022
7079494	292493
4525984	186096
7230583	298788
5009355	206236
3487141	142811
2030131	82102
3996850	164048
3508457	143699
4982389	205113
5018124	206602
9367210	387813
3900920	160052
6973783	290481
6170672	257018
8399093	209397
4924753	202919
5644368	213995
529276	12000
465770	10559
3298095	137325
7195768	299728
7655313	318876
5453505	227134
6464757	269270
6505509	270968
1115720	46393
6105525	254302
5990174	249495
10452104	435408
7091627	206146
39026732	221239
5526482	229120
7956438	330370
8925067	370729
14434605	600293
3317103	137064
5798490	240457
7613482	316081
6530765	270968
3917052	162063
2582924	106475
5731915	286589
5219393	260963
4890250	244506
4928389	246413
4810838	240535
4956601	247823
4751801	237583
4314511	215719
4654103	232698
5026087	251297
4411164	220551
5601303	280058
6462821	323134
6469091	323448
5385009	269244
5132666	256626
3055981	190328
1153454	26142
570200	12916
741306	2194
1410280	44016
5577579	338506
3613801	225826
5226404	316800
3139965	189693
6043296	367973
3120450	189586
4702090	285080
5634108	342653
4493890	274666
4016307	243453
5047475	310773
3907896	240760
4457424	269600
3589698	218453
3933822	240133
3791469	230560
3981041	241640
3488528	214853
4520097	186984
5726976	237270
6185890	256391
4738282	196075
4258671	176091
6496838	269348
4607246	190615
5354556	221753
6092472	252499
8726239	362240
5508143	221100
5345785	214334
5750174	231183
5814712	233874
4303757	170919
6315635	254746
4246723	168542
4771451	190406
4123240	163395
5676131	228101
6204686	250122
2363396	90070
1167107	48535
5721866	238315
4646638	193515
6835940	284734
7181328	299128
1347042	56032
6323693	263392
5708661	237766
4237909	176483
5058559	210677
1595938	66403
5888612	245263
7574496	315506
6761932	281652
806618	33515
5563874	231732
2973310	120492
3424909	148140
8046761	436104
5928867	304164
8272661	450072
5029948	247716
3902714	178380
3924459	179532
8586237	471888
4916619	242532
4246272	229320
3944832	180684
8636496	475056
5973650	308628
12527023	718200
4181495	174132
7624030	317570
6169535	256966
8428413	351085
4168957	173609
6501806	270811
4027264	167706
4468630	186096
3207223	133537
4094354	170501
3610351	150334
3805332	158458
4618465	192339
4970171	206994
3530722	147017
3869275	161123
7229669	301139
3764577	156760
4794633	199680
7614607	317178
6327495	263549
10973784	382432
6700538	233769
11770939	412421
5555292	192914
19789538	696920
18009070	633443
6617927	230739
6433865	223164
7172063	250174
10356871	361769
3836494	131761
7056208	247588
4711971	209188
35424371	1218063
19895293	638615
16348980	529737
14044654	453720
23657822	763689
8860790	284708
6651366	203389
6499639	200254
6310559	190772
6572115	207098
6729790	203546
6114874	196205
9286753	298866
7558797	238341
7540931	234971
6029552	182987
5708820	177188
7332523	233743
6773804	213733
61360846	161000
3516241	218383
4396603	274128
3028244	188604
3524357	218462
3174400	198791
5465468	273266
4616863	288417
116320	7262
104105	12747
23118660	113600
6624853	213498
8947857	282749
6345170	210964
8424962	270315
5082659	161802
7284841	240613
8637167	279405
10822164	333818
9151904	296019
7644264	245106
8333525	269400
6100722	203441
8754686	290168
13252936	438726
10011283	327392
8825895	290194
6922267	221492
7473382	236956
9503747	294582
6910151	220630
6584081	210729
7171501	216450
10372352	335673
6257728	202161
10622976	348656
8628200	418680
8527113	413388
8413488	408276
8678884	427500
8430927	402372
8325095	399744
5436721	311327
6588281	375875
6171881	353776
5534079	317936
4771379	277524
5327731	309577
5446933	316133
6265103	363964
14743940	730476
10716408	526320
50051493	2675304
6992213	349492
4386769	219219
3386276	169195
6750316	337397
7972845	398524
2369580	118360
14184240	709093
5027809	251271
5003246	250044
14003473	700055
4283834	214073
6660470	332904
20247789	1012271
10922617	546011
24686458	1234207
10220374	510902
29124863	1038158
18584130	598961
37331411	1380101
17774717	565237
22484376	775444
16321308	543294
20924283	708101
19500299	663536
11449718	384261
6895007	233586
8394259	277106
3829426	122409
3764922	188133
5104472	255111
5032371	251506
3170880	158432
3488527	174315
3396057	169691
3212672	160522
2411249	120450
4226228	211200
4072634	203520
5179701	258873
9340990	466938
3856854	192731
4795688	239673
6282555	314017
4720965	235937
5576231	278700
6497282	324754
4809270	240352
4651480	232463
9682142	483996
7341594	366968
13932294	696502
4170843	208431
26739942	1111457
22507480	935105
22101850	918204
25573359	1062400
8732999	361168
4138980	152267
6768997	261851
5246784	198426
6169655	236878
4538977	168933
5760866	219846
5665590	215875
6822904	264097
7490608	291918
5764017	219977
6521370	251533
6716342	259657
7262385	282409
11909915	476055
4848072	181812
6103177	234109
6037998	231392
12793802	512888
9232163	364486
7911199	309446
7763863	303307
9047841	356806
10109860	401057
6309389	242703
7212152	280320
6680518	258168
2163920	90070
4598968	191529
5558176	231497
4650380	193671
5439059	226533
6488562	270262
3608394	150256
5826511	242677
5981992	249155
4575132	190537
6622094	275826
4024061	167575
4597715	191477
934494	38844
2136155	266971
6312371	262922
3793966	157988
4151929	172904
4872290	202919
7786301	324336
6101715	254145
2972660	123768
5928695	246935
4454118	185495
1479294	61544
39738046	194480
49426295	242560
4421531	184137
8141171	339121
5296744	220604
4701799	195813
5603333	233377
5119948	213237
6230889	259526
8239601	343222
5301142	220786
3822193	159164
6178230	257332
7519869	313234
8456713	210311
6068860	248764
5153568	291400
6483242	179061
8691654	241111
11628547	321289
7621590	206809
6464938	175523
8345846	232709
6992827	195207
7028412	193880
6464313	175658
7417241	192728
7524059	192875
9390765	258743
15033802	1877832
7859049	327366
5163212	215040
4861642	202475
7783167	324205
5492336	228754
6467249	269374
7149346	297795
7272218	302915
6961244	289959
7554992	314697
7209525	300303
5045345	210128
4059832	169064
2256756	93936
2006608	83513
2352051	97906
2063032	85864
1920717	79934
1756459	73090
1380923	57443
1791568	74553
1307573	54386
2887459	120215
2221650	92473
1807870	75232
2003475	83382
2310675	96182
1280615	53263
1427945	59402
2082469	86674
1807870	75232
1234848	51356
1152092	47908
2842319	118334
1216040	50573
2501891	104150
2176510	90592
1436722	59768
1467442	61048
4615302	192208
2881189	119954
1084383	45087
2636683	109766
4051684	168724
1809124	75284
1715710	71392
2126982	88528
2219142	92368
2998427	124839
1687498	70217
1253656	52140
1950185	81162
1534525	63843
2263028	94197
6362580	265012
1298796	54021
2029180	84453
2903132	120868
1445500	60133
1680602	69929
909467	37799
1101937	45818
7198917	299859
6966639	196815
5210299	182465
5781715	185312
3521653	108930
4254746	115696
6825303	181629
7166931	195056
4864338	142132
4234268	114494
9235705	265377
7355358	205348
5825600	200881
7020745	204956
3790320	132388
8838026	235493
14355785	474357
300937837	236000
2363808	169691
8652678	212035
11283791	277812
9028726	221440
11282229	277776
6434223	156577
8805036	215849
7662939	187297
9179166	225201
9191510	225515
6362279	154775
9841752	241763
10841644	266762
8665015	212349
8309604	203467
7691226	188003
8988998	220447
8348522	204434
8702442	213289
3186228	189775
5939206	358096
3743720	224349
4597909	275967
2603233	152251
2763392	163954
8564276	232045
6914114	210860
5558950	181733
6741633	216711
7981914	260179
7208851	236564
7095365	221753
5293376	179565
9832288	283715
7411855	210729
8835113	262713
5208569	160052
8650856	244375
7772714	264385
4047100	118177
6034330	190928
4456968	141714
4055268	240013
2169177	121861
3031950	175908
3605742	211853
4750407	283559
3262968	190380
3762951	221701
3582390	210390
3482727	204146
3583641	210468
4476855	266422
4019406	237766
2881830	166504
3879711	229015
4623639	275617
3396408	198739
2776746	159555
4923879	294426
4570263	272274
3453537	202318
7025212	240796
4256258	137665
8547525	315350
5732134	196780
5581291	191111
7126134	272404
8921209	315297
9640241	223137
11321483	265168
9977777	231575
6650831	148401
7396854	167053
11032045	257933
8950628	205897
6527485	145319
9366491	216293
10197200	237061
8569269	196362
8096978	184555
10697716	249573
7405230	167262
9069748	208875
9188891	211853
40102744	1377071
14271832	500662
16826897	565681
16783703	570906
15492993	516022
25333135	869564
6747945	226977
9236987	306259
14615593	487471
16412487	550373
11923478	396956
7589982	250566
8152605	271307
14628172	485903
5447689	181603
11832055	392333
10754368	362893
1099545	36179
20912360	698017
6461919	201560
6855236	219820
7572004	249495
9156330	293825
7260381	231131
7014142	227683
7223957	240561
8162148	273345
4268493	140173
9137195	297090
12259568	355918
8803669	249077
10146876	307043
9883283	287242
10052598	291317
6713788	197198
9057011	268277
14266079	417280
4509562	138919
9978887	305972
6902927	207229
6450028	189857
9069540	282096
5845161	179382
8172016	256574
9587490	299128
10497251	325355
8242273	244192
7875063	252734
7216666	229120
11358759	344816
7060402	215040
7981950	245263
11401394	351686
7858876	249234
5332236	169743
9685806	393804
8615846	334476
8065630	283356
7165606	318924
6676162	291564
6481082	244764
9258030	394524
7832447	280980
8465471	347184
14087941	585000
7482409	298008
8247285	295596
13439441	539172
7955425	365040
8704761	351252
9842309	393588
9403981	357228
8493365	366084
8152477	303444
8307659	290340
7714563	326844
10672950	457416
8159506	280548
8457470	343368
5933972	236520
11145464	496296
9321600	417636
6281015	216144
10124835	488232
7015259	246672
9773589	343548
10543033	374940
9296321	374616
8272913	352260
7811813	324972
10738193	448092
10022369	395244
10446201	442080
12973609	510228
6411271	260964
10401010	392652
10274054	418968
12151682	464292
11619578	509256
8041397	302256
8918449	348156
8834641	360324
6014453	214056
8005477	362916
8620298	303192
6753546	263340
8470970	328968
9748302	387324
5843298	230724
8612154	338220
7101058	285084
12854274	499788
10023958	422712
5798856	231768
7336552	288792
10008127	357336
10493551	364716
9472211	374724
9634303	394272
8978959	367308
11809371	441576
10111179	410328
6688863	262872
13459047	521712
1475477	51192
7425845	324288
7934281	299268
9078401	332640
8408945	328788
8315097	312480
8968633	347472
6351237	229536
8330085	318708
10855035	434052
8976647	370008
118333928	1764600
49827349	2943000
4407103	180767
1385241	54857
5795759	238628
1016014	39471
7122990	293929
3228491	131657
1160782	45505
4331857	177632
1982768	79751
4721821	193880
1598422	63738
1675545	66951
1580221	62981
1555150	61936
2867968	116636
2501884	101381
7055912	291134
1098733	42919
1417282	56189
6312988	260179
1997175	80352
1634783	65253
3526256	144065
6647776	274128
3225940	131552
8854012	366053
11415830	472790
1083212	42266
1305155	51513
4927454	202448
1555152	61936
1101288	43023
1694972	67761
2560194	103810
5667218	233273
2928775	119170
1378977	54595
3471114	141766
9001912	372218
1585873	63216
2651681	107624
3864794	158171
3230328	131735
1641034	65515
3434095	140225
1345764	53211
454864	16091
1726303	69067
6963758	287294
2548847	103340
1525043	60682
9599430	397113
1725050	69015
3812758	156003
1479294	58775
1045464	40698
9660223	399647
4988927	205008
2030373	81737
4618369	189570
3488630	142497
2278011	92055
3760779	153835
2899956	117968
8531725	352626
3647242	149106
2983949	121469
8387567	346618
8865513	257106
41530452	2594988
4966400	170762
51482271	1690148
29105241	893100
32794768	1045524
5073697	211304
1525225	63451
1930855	80352
7332559	305423
5054889	210520
4577790	190641
1815489	75546
1118334	46497
4990942	207856
1665023	69276
2697600	112300
2826125	117655
3843019	160026
5143908	214230
4252417	177084
2010468	83670
4836709	201430
9287957	386899
2872513	119588
5074965	211356
5006609	208509
6098101	253988
2961528	123297
4172172	173740
9023433	375875
5551247	231209
5353141	222955
5180730	215771
5029008	209449
4899871	204068
5934931	247196
5759397	239882
4516178	188081
5222727	217521
6091673	253727
7832691	326269
5024620	209266
8124849	338442
7207028	300199
9980586	415764
4587670	191059
5137493	213968
8581885	357485
1851079	77035
3234719	134687
5197050	216450
5761299	239960
5765655	240143
6089178	253622
7148091	297743
5889192	245289
9347956	394632
32543148	1016972
8619469	359053
8708503	362762
9038892	376528
8438284	351503
7920437	329926
9146734	381022
9872098	411245
5488542	228597
7563078	315036
9569289	398628
6490389	270341
6966879	290194
9774363	278719
7240866	301609
3471093	144535
4894860	203859
4990782	207856
4566982	190197
7373158	307121
3019705	125727
5179493	215719
8538630	355683
3969502	165302
4491114	187036
2903707	120894
5607062	233534
3961364	164963
4684845	195108
4793303	199627
9709093	404453
9065230	377626
8391272	349544
7817642	325642
9337322	388963
12826241	534334
13252557	552097
1355842	51957
1338896	51252
3447942	139128
1783387	69773
3984581	161488
1700639	66324
2434788	96914
3659830	147957
1292506	49319
2332607	92656
3676758	148662
3419083	137926
1757064	68675
5308770	216659
1508795	58331
3145744	126537
2084330	82311
4128791	167497
2258632	89573
1115072	41926
5011521	204277
4016603	162821
1380288	52976
2294988	91088
2415982	96130
1584670	61492
33086080	1033938
37671195	3139082
3326024	237564
12748	3186
22029962	286955
21710532	279061
14293089	497763
2976293	101433
1982739	66429
10370650	362684
2314347	78628
951863	29962
6181399	215745
9819521	339017
2905508	99500
12256093	433057
1877171	61727
2005628	67761
1777568	58671
1712084	56241
6754061	235937
941267	28212
1376075	45113
1832071	60760
19035554	673933
671140	19931
4652910	162194
1116281	35004
2960410	101590
3882306	133694
420535	11232
1617047	53864
1744159	57913
1444417	47490
14264579	501028
2530279	84035
10567069	371670
957061	29910
1452956	48091
1090308	34821
1463118	48483
4106763	141635
10094059	355735
1288161	41116
5645873	192417
9814093	343536
3111644	104359
8516611	294896
5111292	178259
11595230	409286
954689	29440
4332852	149263
1463591	48404
7588750	263053
529268	14915
1142666	36806
2865585	96574
9181315	320757
1104338	35030
1694048	56476
8907229	313364
2068652	68884
1808271	59637
6985442	243487
2694438	91428
2118722	71836
762291	22987
3568227	121887
7158901	248816
1013197	32391
5690794	197459
5307102	147360
10563564	301432
1757364	142001
27920007	1744296
1832493	76251
1083232	45035
1860621	77426
1134708	47177
2281369	94955
3540901	147435
1977925	82311
2021130	84114
3048045	126902
1409241	58618
1299530	54047
1019370	42370
1073906	44643
1384165	57573
1662601	69172
1806723	75180
2910222	121155
2157869	89808
7338179	305658
6536320	272248
4377140	182282
1078844	44852
1898878	79020
1996051	83069
1317803	54804
1690105	70321
1491371	62040
1573495	65462
1956618	81423
2135950	88894
1630621	67840
1050001	43650
2166057	90148
2449958	101982
2239932	93231
4112009	171232
4753173	197955
6514243	271333
8195691	341394
4113692	171311
5271024	219533
7753699	322977
6081031	253283
8395054	349701
4894865	203859
8628908	359444
6239642	259892
4817123	200620
9527082	283402
7530094	209475
10376338	321044
10599229	310543
10583103	316760
9117247	290560
10040994	317727
10841338	340271
10196431	295053
8401458	248894
8675470	261903
8010399	250070
7258643	223111
6885496	214073
9695741	290899
6074352	196519
9492846	302497
9003791	273711
11019627	344215
9267949	294974
11324397	367568
13402389	418220
12102771	370128
7007101	218932
5895241	183484
3859539	122906
20656664	696685
22167160	706977
13846252	460747
9146832	302759
8798217	282592
11650705	323840
35113269	1192724
57311898	1964800
28677844	984894
18356879	620016
12187486	412447
16127167	550739
12923458	455262
2711227	169560
43962908	1479235
27970988	888137
13468310	420336
19147893	629681
13800626	1724808
308806	3500
953258	10807
359274	4072
119923358	249748
22159939	2711462
17142148	2126367
21808468	2721906
14676607	1818174
50130457	249748
3559567	148218
7460343	310752
5490527	228675
6110569	254511
4294307	178834
6135004	255529
4392764	182935
8060347	335751
7172601	298762
5463565	227552
8632370	273423
6185243	197564
8408293	268042
6504127	197224
8714504	275931
5933927	182230
10579159	347454
6502556	203702
6667295	210860
11053453	341368
6741744	208535
10756278	382014
10162661	348238
5747393	199967
6143083	206027
5164254	178259
8495203	300591
2249702	75493
6802539	237165
4288616	150857
8241043	285152
3582832	121913
6503351	227604
6921274	244819
4607536	156995
5953072	204826
5196944	182935
3536772	123898
2975382	104960
178425416	3194895
56530937	3528751
16869951	2108472
8351076	241680
131164	32809
17988136	2247105
26361214	3291924
29956773	3723520
6429994	401737
6224358	388884
5072462	316891
3700720	231157
5103391	318824
5399725	337345
2470249	154253
4601422	287451
7006778	437786
1837041	114677
5754991	359549
16768767	2095824
